<?xml version="1.0"?>
<opencv_storage>
<images>
  "2017-12-06-121806.jpg" "2017-12-06-121811.jpg"
  "2017-12-06-121819.jpg" "2017-12-06-121826.jpg"
  "2017-12-06-121840.jpg" "2017-12-06-121847.jpg"
  "2017-12-06-121854.jpg" "2017-12-06-121900.jpg"
  "2017-12-06-121908.jpg" "2017-12-06-121914.jpg"
  "2017-12-06-121920.jpg" "2017-12-06-121927.jpg"
  "2017-12-06-121933.jpg" "2017-12-06-121940.jpg"
  "2017-12-06-121946.jpg" "2017-12-06-122006.jpg"
  "2017-12-06-122014.jpg" "2017-12-06-122021.jpg"
  "2017-12-06-122029.jpg" "2017-12-06-122039.jpg"</images>
</opencv_storage>
