%YAML:1.0
---
calibration_time: "wo 06 dec 2017 12:25:27 CET"
image_width: 1920
image_height: 1080
board_width: 9
board_height: 6
square_size: 1.
aspectRatio: 1.
flags: 2
camera_matrix: !!opencv-matrix
   rows: 3
   cols: 3
   dt: d
   data: [ 1.4112041771070340e+03, 0., 9.2025407248152010e+02, 0.,
       1.4112041771070340e+03, 5.4252635063308287e+02, 0., 0., 1. ]
distortion_coefficients: !!opencv-matrix
   rows: 5
   cols: 1
   dt: d
   data: [ 1.0039354243824877e-01, -1.6158046324983696e-01,
       4.0048102530150153e-03, -1.0975210700747317e-02,
       3.3930958111405070e-02 ]
avg_reprojection_error: 6.2417784159610756e-01
